image_width: 640
image_height: 480
camera_name: realsense_top_color

distortion_model: plumb_bob

camera_matrix:
  rows: 3
  cols: 3
  data:
    [
      605.4052124023438,
      0.0,
      327.4585266113281,
      0.0,
      604.9326782226562,
      256.12261962890625,
      0.0,
      0.0,
      1.0,
    ]

distortion_coefficients:
  rows: 1
  cols: 5
  data: [0.0, 0.0, 0.0, 0.0, 0.0]

rectification_matrix:
  rows: 3
  cols: 3
  data: [1.0, 0.0, 0.0, 0.0, 1.0, 0.0, 0.0, 0.0, 1.0]

projection_matrix:
  rows: 3
  cols: 4
  data:
    [
      605.4052124023438,
      0.0,
      327.4585266113281,
      0.0,
      0.0,
      604.9326782226562,
      256.12261962890625,
      0.0,
      0.0,
      0.0,
      1.0,
      0.0,
    ]
