image_width: 640
image_height: 480
camera_name: realsense_left_color

distortion_model: plumb_bob

camera_matrix:
  rows: 3
  cols: 3
  data:
    [
      435.144287109375,
      0.0,
      314.1404113769531,
      0.0,
      433.9437561035156,
      241.35781860351562,
      0.0,
      0.0,
      1.0,
    ]

distortion_coefficients:
  rows: 1
  cols: 5
  data:
    [
      -0.05208737030625343,
      0.05731990560889244,
      -0.0002043730637524277,
      0.00017627282068133354,
      -0.018378810957074165,
    ]

rectification_matrix:
  rows: 3
  cols: 3
  data: [1.0, 0.0, 0.0, 0.0, 1.0, 0.0, 0.0, 0.0, 1.0]

projection_matrix:
  rows: 3
  cols: 4
  data:
    [
      435.144287109375,
      0.0,
      314.1404113769531,
      0.0,
      0.0,
      433.9437561035156,
      241.35781860351562,
      0.0,
      0.0,
      0.0,
      1.0,
      0.0,
    ]
