image_width: 640
image_height: 480
camera_name: realsense_right_color

distortion_model: plumb_bob

camera_matrix:
  rows: 3
  cols: 3
  data:
    [
      434.33905029296875,
      0.0,
      318.0572509765625,
      0.0,
      433.1629333496094,
      240.7735595703125,
      0.0,
      0.0,
      1.0,
    ]

distortion_coefficients:
  rows: 1
  cols: 5
  data:
    [
      -0.054152712225914,
      0.06274972856044769,
      0.00034067590604536235,
      0.0006952045951038599,
      -0.021450141444802284,
    ]

rectification_matrix:
  rows: 3
  cols: 3
  data: [1.0, 0.0, 0.0, 0.0, 1.0, 0.0, 0.0, 0.0, 1.0]

projection_matrix:
  rows: 3
  cols: 4
  data:
    [
      434.33905029296875,
      0.0,
      318.0572509765625,
      0.0,
      0.0,
      433.1629333496094,
      240.7735595703125,
      0.0,
      0.0,
      0.0,
      1.0,
      0.0,
    ]
